SystemVerilog Recursive Tester
==================================================
Searching for .sv files in: .\coursework\003-VerilogLanguage-Basics\
Found 8 .sv files

================================================================================
TESTING RESULTS
================================================================================

[  1/8] Testing: 003-Wire.sv
    [PASS] (0.06s) - Inputs: 1, Outputs: 1

    Truth Table:
        in |    out
    ---------------
         0 |      0
         1 |      1


[  2/8] Testing: 004-Wire4.sv
    [PASS] (0.06s) - Inputs: 3, Outputs: 4

    Truth Table:
         a      b      c |      w      x      y      z
    --------------------------------------------------
         0      0      0 |      0      0      0      0
         0      0      1 |      0      0      0      1
         0      1      0 |      0      1      1      0
         0      1      1 |      0      1      1      1
         1      0      0 |      1      0      0      0
         1      0      1 |      1      0      0      1
         1      1      0 |      1      1      1      0
         1      1      1 |      1      1      1      1


[  3/8] Testing: 005-Notgate.sv
    [PASS] (0.06s) - Inputs: 1, Outputs: 1

    Truth Table:
        in |    out
    ---------------
         0 |      1
         1 |      0


[  4/8] Testing: 006-Andgate.sv
    [PASS] (0.06s) - Inputs: 2, Outputs: 1

    Truth Table:
         a      b |    out
    ----------------------
         0      0 |      0
         0      1 |      0
         1      0 |      0
         1      1 |      1


[  5/8] Testing: 007-Norgate.sv
    [PASS] (0.06s) - Inputs: 2, Outputs: 1

    Truth Table:
         a      b |    out
    ----------------------
         0      0 |      1
         0      1 |      0
         1      0 |      0
         1      1 |      0


[  6/8] Testing: 008-Xorgate.sv
    [PASS] (0.06s) - Inputs: 2, Outputs: 1

    Truth Table:
         a      b |    out
    ----------------------
         0      0 |      1
         0      1 |      0
         1      0 |      0
         1      1 |      1


[  7/8] Testing: 009-DeclaringWires.sv
    [PASS] (0.06s) - Inputs: 4, Outputs: 2

    Truth Table:
         a      b      c      d |    out  out_n
    -------------------------------------------
         0      0      0      0 |      0      1
         0      0      0      1 |      0      1
         0      0      1      0 |      0      1
         0      0      1      1 |      1      0
         0      1      0      0 |      0      1
         0      1      0      1 |      0      1
         0      1      1      0 |      0      1
         0      1      1      1 |      1      0
         1      0      0      0 |      0      1
         1      0      0      1 |      0      1
         1      0      1      0 |      0      1
         1      0      1      1 |      1      0
         1      1      0      0 |      1      0
         1      1      0      1 |      1      0
         1      1      1      0 |      1      0
         1      1      1      1 |      1      0


[  8/8] Testing: 010-7458.sv
    [PASS] (0.20s) - Inputs: 10, Outputs: 2

    Truth Table:
       p1a    p1b    p1c    p1d    p1e    p1f    p2a    p2b    p2c    p2d |    p1y    p2y
    -------------------------------------------------------------------------------------
         0      0      0      0      0      0      0      0      0      0 |      0      0
         0      0      0      0      0      0      0      0      0      1 |      0      0
         0      0      0      0      0      0      0      0      1      0 |      0      0
         0      0      0      0      0      0      0      0      1      1 |      0      1
         0      0      0      0      0      0      0      1      0      0 |      0      0
         0      0      0      0      0      0      0      1      0      1 |      0      0
         0      0      0      0      0      0      0      1      1      0 |      0      0
         0      0      0      0      0      0      0      1      1      1 |      0      1
         0      0      0      0      0      0      1      0      0      0 |      0      0
         0      0      0      0      0      0      1      0      0      1 |      0      0
         0      0      0      0      0      0      1      0      1      0 |      0      0
         0      0      0      0      0      0      1      0      1      1 |      0      1
         0      0      0      0      0      0      1      1      0      0 |      0      1
         0      0      0      0      0      0      1      1      0      1 |      0      1
         0      0      0      0      0      0      1      1      1      0 |      0      1
         0      0      0      0      0      0      1      1      1      1 |      0      1
         0      0      0      0      0      1      0      0      0      0 |      0      0
         0      0      0      0      0      1      0      0      0      1 |      0      0
         0      0      0      0      0      1      0      0      1      0 |      0      0
         0      0      0      0      0      1      0      0      1      1 |      0      1
         0      0      0      0      0      1      0      1      0      0 |      0      0
         0      0      0      0      0      1      0      1      0      1 |      0      0
         0      0      0      0      0      1      0      1      1      0 |      0      0
         0      0      0      0      0      1      0      1      1      1 |      0      1
         0      0      0      0      0      1      1      0      0      0 |      0      0
         0      0      0      0      0      1      1      0      0      1 |      0      0
         0      0      0      0      0      1      1      0      1      0 |      0      0
         0      0      0      0      0      1      1      0      1      1 |      0      1
         0      0      0      0      0      1      1      1      0      0 |      0      1
         0      0      0      0      0      1      1      1      0      1 |      0      1
         0      0      0      0      0      1      1      1      1      0 |      0      1
         0      0      0      0      0      1      1      1      1      1 |      0      1
         0      0      0      0      1      0      0      0      0      0 |      0      0
         0      0      0      0      1      0      0      0      0      1 |      0      0
         0      0      0      0      1      0      0      0      1      0 |      0      0
         0      0      0      0      1      0      0      0      1      1 |      0      1
         0      0      0      0      1      0      0      1      0      0 |      0      0
         0      0      0      0      1      0      0      1      0      1 |      0      0
         0      0      0      0      1      0      0      1      1      0 |      0      0
         0      0      0      0      1      0      0      1      1      1 |      0      1
         0      0      0      0      1      0      1      0      0      0 |      0      0
         0      0      0      0      1      0      1      0      0      1 |      0      0
         0      0      0      0      1      0      1      0      1      0 |      0      0
         0      0      0      0      1      0      1      0      1      1 |      0      1
         0      0      0      0      1      0      1      1      0      0 |      0      1
         0      0      0      0      1      0      1      1      0      1 |      0      1
         0      0      0      0      1      0      1      1      1      0 |      0      1
         0      0      0      0      1      0      1      1      1      1 |      0      1
         0      0      0      0      1      1      0      0      0      0 |      0      0
         0      0      0      0      1      1      0      0      0      1 |      0      0
         0      0      0      0      1      1      0      0      1      0 |      0      0
         0      0      0      0      1      1      0      0      1      1 |      0      1
         0      0      0      0      1      1      0      1      0      0 |      0      0
         0      0      0      0      1      1      0      1      0      1 |      0      0
         0      0      0      0      1      1      0      1      1      0 |      0      0
         0      0      0      0      1      1      0      1      1      1 |      0      1
         0      0      0      0      1      1      1      0      0      0 |      0      0
         0      0      0      0      1      1      1      0      0      1 |      0      0
         0      0      0      0      1      1      1      0      1      0 |      0      0
         0      0      0      0      1      1      1      0      1      1 |      0      1
         0      0      0      0      1      1      1      1      0      0 |      0      1
         0      0      0      0      1      1      1      1      0      1 |      0      1
         0      0      0      0      1      1      1      1      1      0 |      0      1
         0      0      0      0      1      1      1      1      1      1 |      0      1
         0      0      0      1      0      0      0      0      0      0 |      0      0
         0      0      0      1      0      0      0      0      0      1 |      0      0
         0      0      0      1      0      0      0      0      1      0 |      0      0
         0      0      0      1      0      0      0      0      1      1 |      0      1
         0      0      0      1      0      0      0      1      0      0 |      0      0
         0      0      0      1      0      0      0      1      0      1 |      0      0
         0      0      0      1      0      0      0      1      1      0 |      0      0
         0      0      0      1      0      0      0      1      1      1 |      0      1
         0      0      0      1      0      0      1      0      0      0 |      0      0
         0      0      0      1      0      0      1      0      0      1 |      0      0
         0      0      0      1      0      0      1      0      1      0 |      0      0
         0      0      0      1      0      0      1      0      1      1 |      0      1
         0      0      0      1      0      0      1      1      0      0 |      0      1
         0      0      0      1      0      0      1      1      0      1 |      0      1
         0      0      0      1      0      0      1      1      1      0 |      0      1
         0      0      0      1      0      0      1      1      1      1 |      0      1
         0      0      0      1      0      1      0      0      0      0 |      0      0
         0      0      0      1      0      1      0      0      0      1 |      0      0
         0      0      0      1      0      1      0      0      1      0 |      0      0
         0      0      0      1      0      1      0      0      1      1 |      0      1
         0      0      0      1      0      1      0      1      0      0 |      0      0
         0      0      0      1      0      1      0      1      0      1 |      0      0
         0      0      0      1      0      1      0      1      1      0 |      0      0
         0      0      0      1      0      1      0      1      1      1 |      0      1
         0      0      0      1      0      1      1      0      0      0 |      0      0
         0      0      0      1      0      1      1      0      0      1 |      0      0
         0      0      0      1      0      1      1      0      1      0 |      0      0
         0      0      0      1      0      1      1      0      1      1 |      0      1
         0      0      0      1      0      1      1      1      0      0 |      0      1
         0      0      0      1      0      1      1      1      0      1 |      0      1
         0      0      0      1      0      1      1      1      1      0 |      0      1
         0      0      0      1      0      1      1      1      1      1 |      0      1
         0      0      0      1      1      0      0      0      0      0 |      0      0
         0      0      0      1      1      0      0      0      0      1 |      0      0
         0      0      0      1      1      0      0      0      1      0 |      0      0
         0      0      0      1      1      0      0      0      1      1 |      0      1
         0      0      0      1      1      0      0      1      0      0 |      0      0
         0      0      0      1      1      0      0      1      0      1 |      0      0
         0      0      0      1      1      0      0      1      1      0 |      0      0
         0      0      0      1      1      0      0      1      1      1 |      0      1
         0      0      0      1      1      0      1      0      0      0 |      0      0
         0      0      0      1      1      0      1      0      0      1 |      0      0
         0      0      0      1      1      0      1      0      1      0 |      0      0
         0      0      0      1      1      0      1      0      1      1 |      0      1
         0      0      0      1      1      0      1      1      0      0 |      0      1
         0      0      0      1      1      0      1      1      0      1 |      0      1
         0      0      0      1      1      0      1      1      1      0 |      0      1
         0      0      0      1      1      0      1      1      1      1 |      0      1
         0      0      0      1      1      1      0      0      0      0 |      1      0
         0      0      0      1      1      1      0      0      0      1 |      1      0
         0      0      0      1      1      1      0      0      1      0 |      1      0
         0      0      0      1      1      1      0      0      1      1 |      1      1
         0      0      0      1      1      1      0      1      0      0 |      1      0
         0      0      0      1      1      1      0      1      0      1 |      1      0
         0      0      0      1      1      1      0      1      1      0 |      1      0
         0      0      0      1      1      1      0      1      1      1 |      1      1
         0      0      0      1      1      1      1      0      0      0 |      1      0
         0      0      0      1      1      1      1      0      0      1 |      1      0
         0      0      0      1      1      1      1      0      1      0 |      1      0
         0      0      0      1      1      1      1      0      1      1 |      1      1
         0      0      0      1      1      1      1      1      0      0 |      1      1
         0      0      0      1      1      1      1      1      0      1 |      1      1
         0      0      0      1      1      1      1      1      1      0 |      1      1
         0      0      0      1      1      1      1      1      1      1 |      1      1
         0      0      1      0      0      0      0      0      0      0 |      0      0
         0      0      1      0      0      0      0      0      0      1 |      0      0
         0      0      1      0      0      0      0      0      1      0 |      0      0
         0      0      1      0      0      0      0      0      1      1 |      0      1
         0      0      1      0      0      0      0      1      0      0 |      0      0
         0      0      1      0      0      0      0      1      0      1 |      0      0
         0      0      1      0      0      0      0      1      1      0 |      0      0
         0      0      1      0      0      0      0      1      1      1 |      0      1
         0      0      1      0      0      0      1      0      0      0 |      0      0
         0      0      1      0      0      0      1      0      0      1 |      0      0
         0      0      1      0      0      0      1      0      1      0 |      0      0
         0      0      1      0      0      0      1      0      1      1 |      0      1
         0      0      1      0      0      0      1      1      0      0 |      0      1
         0      0      1      0      0      0      1      1      0      1 |      0      1
         0      0      1      0      0      0      1      1      1      0 |      0      1
         0      0      1      0      0      0      1      1      1      1 |      0      1
         0      0      1      0      0      1      0      0      0      0 |      0      0
         0      0      1      0      0      1      0      0      0      1 |      0      0
         0      0      1      0      0      1      0      0      1      0 |      0      0
         0      0      1      0      0      1      0      0      1      1 |      0      1
         0      0      1      0      0      1      0      1      0      0 |      0      0
         0      0      1      0      0      1      0      1      0      1 |      0      0
         0      0      1      0      0      1      0      1      1      0 |      0      0
         0      0      1      0      0      1      0      1      1      1 |      0      1
         0      0      1      0      0      1      1      0      0      0 |      0      0
         0      0      1      0      0      1      1      0      0      1 |      0      0
         0      0      1      0      0      1      1      0      1      0 |      0      0
         0      0      1      0      0      1      1      0      1      1 |      0      1
         0      0      1      0      0      1      1      1      0      0 |      0      1
         0      0      1      0      0      1      1      1      0      1 |      0      1
         0      0      1      0      0      1      1      1      1      0 |      0      1
         0      0      1      0      0      1      1      1      1      1 |      0      1
         0      0      1      0      1      0      0      0      0      0 |      0      0
         0      0      1      0      1      0      0      0      0      1 |      0      0
         0      0      1      0      1      0      0      0      1      0 |      0      0
         0      0      1      0      1      0      0      0      1      1 |      0      1
         0      0      1      0      1      0      0      1      0      0 |      0      0
         0      0      1      0      1      0      0      1      0      1 |      0      0
         0      0      1      0      1      0      0      1      1      0 |      0      0
         0      0      1      0      1      0      0      1      1      1 |      0      1
         0      0      1      0      1      0      1      0      0      0 |      0      0
         0      0      1      0      1      0      1      0      0      1 |      0      0
         0      0      1      0      1      0      1      0      1      0 |      0      0
         0      0      1      0      1      0      1      0      1      1 |      0      1
         0      0      1      0      1      0      1      1      0      0 |      0      1
         0      0      1      0      1      0      1      1      0      1 |      0      1
         0      0      1      0      1      0      1      1      1      0 |      0      1
         0      0      1      0      1      0      1      1      1      1 |      0      1
         0      0      1      0      1      1      0      0      0      0 |      0      0
         0      0      1      0      1      1      0      0      0      1 |      0      0
         0      0      1      0      1      1      0      0      1      0 |      0      0
         0      0      1      0      1      1      0      0      1      1 |      0      1
         0      0      1      0      1      1      0      1      0      0 |      0      0
         0      0      1      0      1      1      0      1      0      1 |      0      0
         0      0      1      0      1      1      0      1      1      0 |      0      0
         0      0      1      0      1      1      0      1      1      1 |      0      1
         0      0      1      0      1      1      1      0      0      0 |      0      0
         0      0      1      0      1      1      1      0      0      1 |      0      0
         0      0      1      0      1      1      1      0      1      0 |      0      0
         0      0      1      0      1      1      1      0      1      1 |      0      1
         0      0      1      0      1      1      1      1      0      0 |      0      1
         0      0      1      0      1      1      1      1      0      1 |      0      1
         0      0      1      0      1      1      1      1      1      0 |      0      1
         0      0      1      0      1      1      1      1      1      1 |      0      1
         0      0      1      1      0      0      0      0      0      0 |      0      0
         0      0      1      1      0      0      0      0      0      1 |      0      0
         0      0      1      1      0      0      0      0      1      0 |      0      0
         0      0      1      1      0      0      0      0      1      1 |      0      1
         0      0      1      1      0      0      0      1      0      0 |      0      0
         0      0      1      1      0      0      0      1      0      1 |      0      0
         0      0      1      1      0      0      0      1      1      0 |      0      0
         0      0      1      1      0      0      0      1      1      1 |      0      1
         0      0      1      1      0      0      1      0      0      0 |      0      0
         0      0      1      1      0      0      1      0      0      1 |      0      0
         0      0      1      1      0      0      1      0      1      0 |      0      0
         0      0      1      1      0      0      1      0      1      1 |      0      1
         0      0      1      1      0      0      1      1      0      0 |      0      1
         0      0      1      1      0      0      1      1      0      1 |      0      1
         0      0      1      1      0      0      1      1      1      0 |      0      1
         0      0      1      1      0      0      1      1      1      1 |      0      1
         0      0      1      1      0      1      0      0      0      0 |      0      0
         0      0      1      1      0      1      0      0      0      1 |      0      0
         0      0      1      1      0      1      0      0      1      0 |      0      0
         0      0      1      1      0      1      0      0      1      1 |      0      1
         0      0      1      1      0      1      0      1      0      0 |      0      0
         0      0      1      1      0      1      0      1      0      1 |      0      0
         0      0      1      1      0      1      0      1      1      0 |      0      0
         0      0      1      1      0      1      0      1      1      1 |      0      1
         0      0      1      1      0      1      1      0      0      0 |      0      0
         0      0      1      1      0      1      1      0      0      1 |      0      0
         0      0      1      1      0      1      1      0      1      0 |      0      0
         0      0      1      1      0      1      1      0      1      1 |      0      1
         0      0      1      1      0      1      1      1      0      0 |      0      1
         0      0      1      1      0      1      1      1      0      1 |      0      1
         0      0      1      1      0      1      1      1      1      0 |      0      1
         0      0      1      1      0      1      1      1      1      1 |      0      1
         0      0      1      1      1      0      0      0      0      0 |      0      0
         0      0      1      1      1      0      0      0      0      1 |      0      0
         0      0      1      1      1      0      0      0      1      0 |      0      0
         0      0      1      1      1      0      0      0      1      1 |      0      1
         0      0      1      1      1      0      0      1      0      0 |      0      0
         0      0      1      1      1      0      0      1      0      1 |      0      0
         0      0      1      1      1      0      0      1      1      0 |      0      0
         0      0      1      1      1      0      0      1      1      1 |      0      1
         0      0      1      1      1      0      1      0      0      0 |      0      0
         0      0      1      1      1      0      1      0      0      1 |      0      0
         0      0      1      1      1      0      1      0      1      0 |      0      0
         0      0      1      1      1      0      1      0      1      1 |      0      1
         0      0      1      1      1      0      1      1      0      0 |      0      1
         0      0      1      1      1      0      1      1      0      1 |      0      1
         0      0      1      1      1      0      1      1      1      0 |      0      1
         0      0      1      1      1      0      1      1      1      1 |      0      1
         0      0      1      1      1      1      0      0      0      0 |      1      0
         0      0      1      1      1      1      0      0      0      1 |      1      0
         0      0      1      1      1      1      0      0      1      0 |      1      0
         0      0      1      1      1      1      0      0      1      1 |      1      1
         0      0      1      1      1      1      0      1      0      0 |      1      0
         0      0      1      1      1      1      0      1      0      1 |      1      0
         0      0      1      1      1      1      0      1      1      0 |      1      0
         0      0      1      1      1      1      0      1      1      1 |      1      1
         0      0      1      1      1      1      1      0      0      0 |      1      0
         0      0      1      1      1      1      1      0      0      1 |      1      0
         0      0      1      1      1      1      1      0      1      0 |      1      0
         0      0      1      1      1      1      1      0      1      1 |      1      1
         0      0      1      1      1      1      1      1      0      0 |      1      1
         0      0      1      1      1      1      1      1      0      1 |      1      1
         0      0      1      1      1      1      1      1      1      0 |      1      1
         0      0      1      1      1      1      1      1      1      1 |      1      1
         0      1      0      0      0      0      0      0      0      0 |      0      0
         0      1      0      0      0      0      0      0      0      1 |      0      0
         0      1      0      0      0      0      0      0      1      0 |      0      0
         0      1      0      0      0      0      0      0      1      1 |      0      1
         0      1      0      0      0      0      0      1      0      0 |      0      0
         0      1      0      0      0      0      0      1      0      1 |      0      0
         0      1      0      0      0      0      0      1      1      0 |      0      0
         0      1      0      0      0      0      0      1      1      1 |      0      1
         0      1      0      0      0      0      1      0      0      0 |      0      0
         0      1      0      0      0      0      1      0      0      1 |      0      0
         0      1      0      0      0      0      1      0      1      0 |      0      0
         0      1      0      0      0      0      1      0      1      1 |      0      1
         0      1      0      0      0      0      1      1      0      0 |      0      1
         0      1      0      0      0      0      1      1      0      1 |      0      1
         0      1      0      0      0      0      1      1      1      0 |      0      1
         0      1      0      0      0      0      1      1      1      1 |      0      1
         0      1      0      0      0      1      0      0      0      0 |      0      0
         0      1      0      0      0      1      0      0      0      1 |      0      0
         0      1      0      0      0      1      0      0      1      0 |      0      0
         0      1      0      0      0      1      0      0      1      1 |      0      1
         0      1      0      0      0      1      0      1      0      0 |      0      0
         0      1      0      0      0      1      0      1      0      1 |      0      0
         0      1      0      0      0      1      0      1      1      0 |      0      0
         0      1      0      0      0      1      0      1      1      1 |      0      1
         0      1      0      0      0      1      1      0      0      0 |      0      0
         0      1      0      0      0      1      1      0      0      1 |      0      0
         0      1      0      0      0      1      1      0      1      0 |      0      0
         0      1      0      0      0      1      1      0      1      1 |      0      1
         0      1      0      0      0      1      1      1      0      0 |      0      1
         0      1      0      0      0      1      1      1      0      1 |      0      1
         0      1      0      0      0      1      1      1      1      0 |      0      1
         0      1      0      0      0      1      1      1      1      1 |      0      1
         0      1      0      0      1      0      0      0      0      0 |      0      0
         0      1      0      0      1      0      0      0      0      1 |      0      0
         0      1      0      0      1      0      0      0      1      0 |      0      0
         0      1      0      0      1      0      0      0      1      1 |      0      1
         0      1      0      0      1      0      0      1      0      0 |      0      0
         0      1      0      0      1      0      0      1      0      1 |      0      0
         0      1      0      0      1      0      0      1      1      0 |      0      0
         0      1      0      0      1      0      0      1      1      1 |      0      1
         0      1      0      0      1      0      1      0      0      0 |      0      0
         0      1      0      0      1      0      1      0      0      1 |      0      0
         0      1      0      0      1      0      1      0      1      0 |      0      0
         0      1      0      0      1      0      1      0      1      1 |      0      1
         0      1      0      0      1      0      1      1      0      0 |      0      1
         0      1      0      0      1      0      1      1      0      1 |      0      1
         0      1      0      0      1      0      1      1      1      0 |      0      1
         0      1      0      0      1      0      1      1      1      1 |      0      1
         0      1      0      0      1      1      0      0      0      0 |      0      0
         0      1      0      0      1      1      0      0      0      1 |      0      0
         0      1      0      0      1      1      0      0      1      0 |      0      0
         0      1      0      0      1      1      0      0      1      1 |      0      1
         0      1      0      0      1      1      0      1      0      0 |      0      0
         0      1      0      0      1      1      0      1      0      1 |      0      0
         0      1      0      0      1      1      0      1      1      0 |      0      0
         0      1      0      0      1      1      0      1      1      1 |      0      1
         0      1      0      0      1      1      1      0      0      0 |      0      0
         0      1      0      0      1      1      1      0      0      1 |      0      0
         0      1      0      0      1      1      1      0      1      0 |      0      0
         0      1      0      0      1      1      1      0      1      1 |      0      1
         0      1      0      0      1      1      1      1      0      0 |      0      1
         0      1      0      0      1      1      1      1      0      1 |      0      1
         0      1      0      0      1      1      1      1      1      0 |      0      1
         0      1      0      0      1      1      1      1      1      1 |      0      1
         0      1      0      1      0      0      0      0      0      0 |      0      0
         0      1      0      1      0      0      0      0      0      1 |      0      0
         0      1      0      1      0      0      0      0      1      0 |      0      0
         0      1      0      1      0      0      0      0      1      1 |      0      1
         0      1      0      1      0      0      0      1      0      0 |      0      0
         0      1      0      1      0      0      0      1      0      1 |      0      0
         0      1      0      1      0      0      0      1      1      0 |      0      0
         0      1      0      1      0      0      0      1      1      1 |      0      1
         0      1      0      1      0      0      1      0      0      0 |      0      0
         0      1      0      1      0      0      1      0      0      1 |      0      0
         0      1      0      1      0      0      1      0      1      0 |      0      0
         0      1      0      1      0      0      1      0      1      1 |      0      1
         0      1      0      1      0      0      1      1      0      0 |      0      1
         0      1      0      1      0      0      1      1      0      1 |      0      1
         0      1      0      1      0      0      1      1      1      0 |      0      1
         0      1      0      1      0      0      1      1      1      1 |      0      1
         0      1      0      1      0      1      0      0      0      0 |      0      0
         0      1      0      1      0      1      0      0      0      1 |      0      0
         0      1      0      1      0      1      0      0      1      0 |      0      0
         0      1      0      1      0      1      0      0      1      1 |      0      1
         0      1      0      1      0      1      0      1      0      0 |      0      0
         0      1      0      1      0      1      0      1      0      1 |      0      0
         0      1      0      1      0      1      0      1      1      0 |      0      0
         0      1      0      1      0      1      0      1      1      1 |      0      1
         0      1      0      1      0      1      1      0      0      0 |      0      0
         0      1      0      1      0      1      1      0      0      1 |      0      0
         0      1      0      1      0      1      1      0      1      0 |      0      0
         0      1      0      1      0      1      1      0      1      1 |      0      1
         0      1      0      1      0      1      1      1      0      0 |      0      1
         0      1      0      1      0      1      1      1      0      1 |      0      1
         0      1      0      1      0      1      1      1      1      0 |      0      1
         0      1      0      1      0      1      1      1      1      1 |      0      1
         0      1      0      1      1      0      0      0      0      0 |      0      0
         0      1      0      1      1      0      0      0      0      1 |      0      0
         0      1      0      1      1      0      0      0      1      0 |      0      0
         0      1      0      1      1      0      0      0      1      1 |      0      1
         0      1      0      1      1      0      0      1      0      0 |      0      0
         0      1      0      1      1      0      0      1      0      1 |      0      0
         0      1      0      1      1      0      0      1      1      0 |      0      0
         0      1      0      1      1      0      0      1      1      1 |      0      1
         0      1      0      1      1      0      1      0      0      0 |      0      0
         0      1      0      1      1      0      1      0      0      1 |      0      0
         0      1      0      1      1      0      1      0      1      0 |      0      0
         0      1      0      1      1      0      1      0      1      1 |      0      1
         0      1      0      1      1      0      1      1      0      0 |      0      1
         0      1      0      1      1      0      1      1      0      1 |      0      1
         0      1      0      1      1      0      1      1      1      0 |      0      1
         0      1      0      1      1      0      1      1      1      1 |      0      1
         0      1      0      1      1      1      0      0      0      0 |      1      0
         0      1      0      1      1      1      0      0      0      1 |      1      0
         0      1      0      1      1      1      0      0      1      0 |      1      0
         0      1      0      1      1      1      0      0      1      1 |      1      1
         0      1      0      1      1      1      0      1      0      0 |      1      0
         0      1      0      1      1      1      0      1      0      1 |      1      0
         0      1      0      1      1      1      0      1      1      0 |      1      0
         0      1      0      1      1      1      0      1      1      1 |      1      1
         0      1      0      1      1      1      1      0      0      0 |      1      0
         0      1      0      1      1      1      1      0      0      1 |      1      0
         0      1      0      1      1      1      1      0      1      0 |      1      0
         0      1      0      1      1      1      1      0      1      1 |      1      1
         0      1      0      1      1      1      1      1      0      0 |      1      1
         0      1      0      1      1      1      1      1      0      1 |      1      1
         0      1      0      1      1      1      1      1      1      0 |      1      1
         0      1      0      1      1      1      1      1      1      1 |      1      1
         0      1      1      0      0      0      0      0      0      0 |      0      0
         0      1      1      0      0      0      0      0      0      1 |      0      0
         0      1      1      0      0      0      0      0      1      0 |      0      0
         0      1      1      0      0      0      0      0      1      1 |      0      1
         0      1      1      0      0      0      0      1      0      0 |      0      0
         0      1      1      0      0      0      0      1      0      1 |      0      0
         0      1      1      0      0      0      0      1      1      0 |      0      0
         0      1      1      0      0      0      0      1      1      1 |      0      1
         0      1      1      0      0      0      1      0      0      0 |      0      0
         0      1      1      0      0      0      1      0      0      1 |      0      0
         0      1      1      0      0      0      1      0      1      0 |      0      0
         0      1      1      0      0      0      1      0      1      1 |      0      1
         0      1      1      0      0      0      1      1      0      0 |      0      1
         0      1      1      0      0      0      1      1      0      1 |      0      1
         0      1      1      0      0      0      1      1      1      0 |      0      1
         0      1      1      0      0      0      1      1      1      1 |      0      1
         0      1      1      0      0      1      0      0      0      0 |      0      0
         0      1      1      0      0      1      0      0      0      1 |      0      0
         0      1      1      0      0      1      0      0      1      0 |      0      0
         0      1      1      0      0      1      0      0      1      1 |      0      1
         0      1      1      0      0      1      0      1      0      0 |      0      0
         0      1      1      0      0      1      0      1      0      1 |      0      0
         0      1      1      0      0      1      0      1      1      0 |      0      0
         0      1      1      0      0      1      0      1      1      1 |      0      1
         0      1      1      0      0      1      1      0      0      0 |      0      0
         0      1      1      0      0      1      1      0      0      1 |      0      0
         0      1      1      0      0      1      1      0      1      0 |      0      0
         0      1      1      0      0      1      1      0      1      1 |      0      1
         0      1      1      0      0      1      1      1      0      0 |      0      1
         0      1      1      0      0      1      1      1      0      1 |      0      1
         0      1      1      0      0      1      1      1      1      0 |      0      1
         0      1      1      0      0      1      1      1      1      1 |      0      1
         0      1      1      0      1      0      0      0      0      0 |      0      0
         0      1      1      0      1      0      0      0      0      1 |      0      0
         0      1      1      0      1      0      0      0      1      0 |      0      0
         0      1      1      0      1      0      0      0      1      1 |      0      1
         0      1      1      0      1      0      0      1      0      0 |      0      0
         0      1      1      0      1      0      0      1      0      1 |      0      0
         0      1      1      0      1      0      0      1      1      0 |      0      0
         0      1      1      0      1      0      0      1      1      1 |      0      1
         0      1      1      0      1      0      1      0      0      0 |      0      0
         0      1      1      0      1      0      1      0      0      1 |      0      0
         0      1      1      0      1      0      1      0      1      0 |      0      0
         0      1      1      0      1      0      1      0      1      1 |      0      1
         0      1      1      0      1      0      1      1      0      0 |      0      1
         0      1      1      0      1      0      1      1      0      1 |      0      1
         0      1      1      0      1      0      1      1      1      0 |      0      1
         0      1      1      0      1      0      1      1      1      1 |      0      1
         0      1      1      0      1      1      0      0      0      0 |      0      0
         0      1      1      0      1      1      0      0      0      1 |      0      0
         0      1      1      0      1      1      0      0      1      0 |      0      0
         0      1      1      0      1      1      0      0      1      1 |      0      1
         0      1      1      0      1      1      0      1      0      0 |      0      0
         0      1      1      0      1      1      0      1      0      1 |      0      0
         0      1      1      0      1      1      0      1      1      0 |      0      0
         0      1      1      0      1      1      0      1      1      1 |      0      1
         0      1      1      0      1      1      1      0      0      0 |      0      0
         0      1      1      0      1      1      1      0      0      1 |      0      0
         0      1      1      0      1      1      1      0      1      0 |      0      0
         0      1      1      0      1      1      1      0      1      1 |      0      1
         0      1      1      0      1      1      1      1      0      0 |      0      1
         0      1      1      0      1      1      1      1      0      1 |      0      1
         0      1      1      0      1      1      1      1      1      0 |      0      1
         0      1      1      0      1      1      1      1      1      1 |      0      1
         0      1      1      1      0      0      0      0      0      0 |      0      0
         0      1      1      1      0      0      0      0      0      1 |      0      0
         0      1      1      1      0      0      0      0      1      0 |      0      0
         0      1      1      1      0      0      0      0      1      1 |      0      1
         0      1      1      1      0      0      0      1      0      0 |      0      0
         0      1      1      1      0      0      0      1      0      1 |      0      0
         0      1      1      1      0      0      0      1      1      0 |      0      0
         0      1      1      1      0      0      0      1      1      1 |      0      1
         0      1      1      1      0      0      1      0      0      0 |      0      0
         0      1      1      1      0      0      1      0      0      1 |      0      0
         0      1      1      1      0      0      1      0      1      0 |      0      0
         0      1      1      1      0      0      1      0      1      1 |      0      1
         0      1      1      1      0      0      1      1      0      0 |      0      1
         0      1      1      1      0      0      1      1      0      1 |      0      1
         0      1      1      1      0      0      1      1      1      0 |      0      1
         0      1      1      1      0      0      1      1      1      1 |      0      1
         0      1      1      1      0      1      0      0      0      0 |      0      0
         0      1      1      1      0      1      0      0      0      1 |      0      0
         0      1      1      1      0      1      0      0      1      0 |      0      0
         0      1      1      1      0      1      0      0      1      1 |      0      1
         0      1      1      1      0      1      0      1      0      0 |      0      0
         0      1      1      1      0      1      0      1      0      1 |      0      0
         0      1      1      1      0      1      0      1      1      0 |      0      0
         0      1      1      1      0      1      0      1      1      1 |      0      1
         0      1      1      1      0      1      1      0      0      0 |      0      0
         0      1      1      1      0      1      1      0      0      1 |      0      0
         0      1      1      1      0      1      1      0      1      0 |      0      0
         0      1      1      1      0      1      1      0      1      1 |      0      1
         0      1      1      1      0      1      1      1      0      0 |      0      1
         0      1      1      1      0      1      1      1      0      1 |      0      1
         0      1      1      1      0      1      1      1      1      0 |      0      1
         0      1      1      1      0      1      1      1      1      1 |      0      1
         0      1      1      1      1      0      0      0      0      0 |      0      0
         0      1      1      1      1      0      0      0      0      1 |      0      0
         0      1      1      1      1      0      0      0      1      0 |      0      0
         0      1      1      1      1      0      0      0      1      1 |      0      1
         0      1      1      1      1      0      0      1      0      0 |      0      0
         0      1      1      1      1      0      0      1      0      1 |      0      0
         0      1      1      1      1      0      0      1      1      0 |      0      0
         0      1      1      1      1      0      0      1      1      1 |      0      1
         0      1      1      1      1      0      1      0      0      0 |      0      0
         0      1      1      1      1      0      1      0      0      1 |      0      0
         0      1      1      1      1      0      1      0      1      0 |      0      0
         0      1      1      1      1      0      1      0      1      1 |      0      1
         0      1      1      1      1      0      1      1      0      0 |      0      1
         0      1      1      1      1      0      1      1      0      1 |      0      1
         0      1      1      1      1      0      1      1      1      0 |      0      1
         0      1      1      1      1      0      1      1      1      1 |      0      1
         0      1      1      1      1      1      0      0      0      0 |      1      0
         0      1      1      1      1      1      0      0      0      1 |      1      0
         0      1      1      1      1      1      0      0      1      0 |      1      0
         0      1      1      1      1      1      0      0      1      1 |      1      1
         0      1      1      1      1      1      0      1      0      0 |      1      0
         0      1      1      1      1      1      0      1      0      1 |      1      0
         0      1      1      1      1      1      0      1      1      0 |      1      0
         0      1      1      1      1      1      0      1      1      1 |      1      1
         0      1      1      1      1      1      1      0      0      0 |      1      0
         0      1      1      1      1      1      1      0      0      1 |      1      0
         0      1      1      1      1      1      1      0      1      0 |      1      0
         0      1      1      1      1      1      1      0      1      1 |      1      1
         0      1      1      1      1      1      1      1      0      0 |      1      1
         0      1      1      1      1      1      1      1      0      1 |      1      1
         0      1      1      1      1      1      1      1      1      0 |      1      1
         0      1      1      1      1      1      1      1      1      1 |      1      1
         1      0      0      0      0      0      0      0      0      0 |      0      0
         1      0      0      0      0      0      0      0      0      1 |      0      0
         1      0      0      0      0      0      0      0      1      0 |      0      0
         1      0      0      0      0      0      0      0      1      1 |      0      1
         1      0      0      0      0      0      0      1      0      0 |      0      0
         1      0      0      0      0      0      0      1      0      1 |      0      0
         1      0      0      0      0      0      0      1      1      0 |      0      0
         1      0      0      0      0      0      0      1      1      1 |      0      1
         1      0      0      0      0      0      1      0      0      0 |      0      0
         1      0      0      0      0      0      1      0      0      1 |      0      0
         1      0      0      0      0      0      1      0      1      0 |      0      0
         1      0      0      0      0      0      1      0      1      1 |      0      1
         1      0      0      0      0      0      1      1      0      0 |      0      1
         1      0      0      0      0      0      1      1      0      1 |      0      1
         1      0      0      0      0      0      1      1      1      0 |      0      1
         1      0      0      0      0      0      1      1      1      1 |      0      1
         1      0      0      0      0      1      0      0      0      0 |      0      0
         1      0      0      0      0      1      0      0      0      1 |      0      0
         1      0      0      0      0      1      0      0      1      0 |      0      0
         1      0      0      0      0      1      0      0      1      1 |      0      1
         1      0      0      0      0      1      0      1      0      0 |      0      0
         1      0      0      0      0      1      0      1      0      1 |      0      0
         1      0      0      0      0      1      0      1      1      0 |      0      0
         1      0      0      0      0      1      0      1      1      1 |      0      1
         1      0      0      0      0      1      1      0      0      0 |      0      0
         1      0      0      0      0      1      1      0      0      1 |      0      0
         1      0      0      0      0      1      1      0      1      0 |      0      0
         1      0      0      0      0      1      1      0      1      1 |      0      1
         1      0      0      0      0      1      1      1      0      0 |      0      1
         1      0      0      0      0      1      1      1      0      1 |      0      1
         1      0      0      0      0      1      1      1      1      0 |      0      1
         1      0      0      0      0      1      1      1      1      1 |      0      1
         1      0      0      0      1      0      0      0      0      0 |      0      0
         1      0      0      0      1      0      0      0      0      1 |      0      0
         1      0      0      0      1      0      0      0      1      0 |      0      0
         1      0      0      0      1      0      0      0      1      1 |      0      1
         1      0      0      0      1      0      0      1      0      0 |      0      0
         1      0      0      0      1      0      0      1      0      1 |      0      0
         1      0      0      0      1      0      0      1      1      0 |      0      0
         1      0      0      0      1      0      0      1      1      1 |      0      1
         1      0      0      0      1      0      1      0      0      0 |      0      0
         1      0      0      0      1      0      1      0      0      1 |      0      0
         1      0      0      0      1      0      1      0      1      0 |      0      0
         1      0      0      0      1      0      1      0      1      1 |      0      1
         1      0      0      0      1      0      1      1      0      0 |      0      1
         1      0      0      0      1      0      1      1      0      1 |      0      1
         1      0      0      0      1      0      1      1      1      0 |      0      1
         1      0      0      0      1      0      1      1      1      1 |      0      1
         1      0      0      0      1      1      0      0      0      0 |      0      0
         1      0      0      0      1      1      0      0      0      1 |      0      0
         1      0      0      0      1      1      0      0      1      0 |      0      0
         1      0      0      0      1      1      0      0      1      1 |      0      1
         1      0      0      0      1      1      0      1      0      0 |      0      0
         1      0      0      0      1      1      0      1      0      1 |      0      0
         1      0      0      0      1      1      0      1      1      0 |      0      0
         1      0      0      0      1      1      0      1      1      1 |      0      1
         1      0      0      0      1      1      1      0      0      0 |      0      0
         1      0      0      0      1      1      1      0      0      1 |      0      0
         1      0      0      0      1      1      1      0      1      0 |      0      0
         1      0      0      0      1      1      1      0      1      1 |      0      1
         1      0      0      0      1      1      1      1      0      0 |      0      1
         1      0      0      0      1      1      1      1      0      1 |      0      1
         1      0      0      0      1      1      1      1      1      0 |      0      1
         1      0      0      0      1      1      1      1      1      1 |      0      1
         1      0      0      1      0      0      0      0      0      0 |      0      0
         1      0      0      1      0      0      0      0      0      1 |      0      0
         1      0      0      1      0      0      0      0      1      0 |      0      0
         1      0      0      1      0      0      0      0      1      1 |      0      1
         1      0      0      1      0      0      0      1      0      0 |      0      0
         1      0      0      1      0      0      0      1      0      1 |      0      0
         1      0      0      1      0      0      0      1      1      0 |      0      0
         1      0      0      1      0      0      0      1      1      1 |      0      1
         1      0      0      1      0      0      1      0      0      0 |      0      0
         1      0      0      1      0      0      1      0      0      1 |      0      0
         1      0      0      1      0      0      1      0      1      0 |      0      0
         1      0      0      1      0      0      1      0      1      1 |      0      1
         1      0      0      1      0      0      1      1      0      0 |      0      1
         1      0      0      1      0      0      1      1      0      1 |      0      1
         1      0      0      1      0      0      1      1      1      0 |      0      1
         1      0      0      1      0      0      1      1      1      1 |      0      1
         1      0      0      1      0      1      0      0      0      0 |      0      0
         1      0      0      1      0      1      0      0      0      1 |      0      0
         1      0      0      1      0      1      0      0      1      0 |      0      0
         1      0      0      1      0      1      0      0      1      1 |      0      1
         1      0      0      1      0      1      0      1      0      0 |      0      0
         1      0      0      1      0      1      0      1      0      1 |      0      0
         1      0      0      1      0      1      0      1      1      0 |      0      0
         1      0      0      1      0      1      0      1      1      1 |      0      1
         1      0      0      1      0      1      1      0      0      0 |      0      0
         1      0      0      1      0      1      1      0      0      1 |      0      0
         1      0      0      1      0      1      1      0      1      0 |      0      0
         1      0      0      1      0      1      1      0      1      1 |      0      1
         1      0      0      1      0      1      1      1      0      0 |      0      1
         1      0      0      1      0      1      1      1      0      1 |      0      1
         1      0      0      1      0      1      1      1      1      0 |      0      1
         1      0      0      1      0      1      1      1      1      1 |      0      1
         1      0      0      1      1      0      0      0      0      0 |      0      0
         1      0      0      1      1      0      0      0      0      1 |      0      0
         1      0      0      1      1      0      0      0      1      0 |      0      0
         1      0      0      1      1      0      0      0      1      1 |      0      1
         1      0      0      1      1      0      0      1      0      0 |      0      0
         1      0      0      1      1      0      0      1      0      1 |      0      0
         1      0      0      1      1      0      0      1      1      0 |      0      0
         1      0      0      1      1      0      0      1      1      1 |      0      1
         1      0      0      1      1      0      1      0      0      0 |      0      0
         1      0      0      1      1      0      1      0      0      1 |      0      0
         1      0      0      1      1      0      1      0      1      0 |      0      0
         1      0      0      1      1      0      1      0      1      1 |      0      1
         1      0      0      1      1      0      1      1      0      0 |      0      1
         1      0      0      1      1      0      1      1      0      1 |      0      1
         1      0      0      1      1      0      1      1      1      0 |      0      1
         1      0      0      1      1      0      1      1      1      1 |      0      1
         1      0      0      1      1      1      0      0      0      0 |      1      0
         1      0      0      1      1      1      0      0      0      1 |      1      0
         1      0      0      1      1      1      0      0      1      0 |      1      0
         1      0      0      1      1      1      0      0      1      1 |      1      1
         1      0      0      1      1      1      0      1      0      0 |      1      0
         1      0      0      1      1      1      0      1      0      1 |      1      0
         1      0      0      1      1      1      0      1      1      0 |      1      0
         1      0      0      1      1      1      0      1      1      1 |      1      1
         1      0      0      1      1      1      1      0      0      0 |      1      0
         1      0      0      1      1      1      1      0      0      1 |      1      0
         1      0      0      1      1      1      1      0      1      0 |      1      0
         1      0      0      1      1      1      1      0      1      1 |      1      1
         1      0      0      1      1      1      1      1      0      0 |      1      1
         1      0      0      1      1      1      1      1      0      1 |      1      1
         1      0      0      1      1      1      1      1      1      0 |      1      1
         1      0      0      1      1      1      1      1      1      1 |      1      1
         1      0      1      0      0      0      0      0      0      0 |      0      0
         1      0      1      0      0      0      0      0      0      1 |      0      0
         1      0      1      0      0      0      0      0      1      0 |      0      0
         1      0      1      0      0      0      0      0      1      1 |      0      1
         1      0      1      0      0      0      0      1      0      0 |      0      0
         1      0      1      0      0      0      0      1      0      1 |      0      0
         1      0      1      0      0      0      0      1      1      0 |      0      0
         1      0      1      0      0      0      0      1      1      1 |      0      1
         1      0      1      0      0      0      1      0      0      0 |      0      0
         1      0      1      0      0      0      1      0      0      1 |      0      0
         1      0      1      0      0      0      1      0      1      0 |      0      0
         1      0      1      0      0      0      1      0      1      1 |      0      1
         1      0      1      0      0      0      1      1      0      0 |      0      1
         1      0      1      0      0      0      1      1      0      1 |      0      1
         1      0      1      0      0      0      1      1      1      0 |      0      1
         1      0      1      0      0      0      1      1      1      1 |      0      1
         1      0      1      0      0      1      0      0      0      0 |      0      0
         1      0      1      0      0      1      0      0      0      1 |      0      0
         1      0      1      0      0      1      0      0      1      0 |      0      0
         1      0      1      0      0      1      0      0      1      1 |      0      1
         1      0      1      0      0      1      0      1      0      0 |      0      0
         1      0      1      0      0      1      0      1      0      1 |      0      0
         1      0      1      0      0      1      0      1      1      0 |      0      0
         1      0      1      0      0      1      0      1      1      1 |      0      1
         1      0      1      0      0      1      1      0      0      0 |      0      0
         1      0      1      0      0      1      1      0      0      1 |      0      0
         1      0      1      0      0      1      1      0      1      0 |      0      0
         1      0      1      0      0      1      1      0      1      1 |      0      1
         1      0      1      0      0      1      1      1      0      0 |      0      1
         1      0      1      0      0      1      1      1      0      1 |      0      1
         1      0      1      0      0      1      1      1      1      0 |      0      1
         1      0      1      0      0      1      1      1      1      1 |      0      1
         1      0      1      0      1      0      0      0      0      0 |      0      0
         1      0      1      0      1      0      0      0      0      1 |      0      0
         1      0      1      0      1      0      0      0      1      0 |      0      0
         1      0      1      0      1      0      0      0      1      1 |      0      1
         1      0      1      0      1      0      0      1      0      0 |      0      0
         1      0      1      0      1      0      0      1      0      1 |      0      0
         1      0      1      0      1      0      0      1      1      0 |      0      0
         1      0      1      0      1      0      0      1      1      1 |      0      1
         1      0      1      0      1      0      1      0      0      0 |      0      0
         1      0      1      0      1      0      1      0      0      1 |      0      0
         1      0      1      0      1      0      1      0      1      0 |      0      0
         1      0      1      0      1      0      1      0      1      1 |      0      1
         1      0      1      0      1      0      1      1      0      0 |      0      1
         1      0      1      0      1      0      1      1      0      1 |      0      1
         1      0      1      0      1      0      1      1      1      0 |      0      1
         1      0      1      0      1      0      1      1      1      1 |      0      1
         1      0      1      0      1      1      0      0      0      0 |      0      0
         1      0      1      0      1      1      0      0      0      1 |      0      0
         1      0      1      0      1      1      0      0      1      0 |      0      0
         1      0      1      0      1      1      0      0      1      1 |      0      1
         1      0      1      0      1      1      0      1      0      0 |      0      0
         1      0      1      0      1      1      0      1      0      1 |      0      0
         1      0      1      0      1      1      0      1      1      0 |      0      0
         1      0      1      0      1      1      0      1      1      1 |      0      1
         1      0      1      0      1      1      1      0      0      0 |      0      0
         1      0      1      0      1      1      1      0      0      1 |      0      0
         1      0      1      0      1      1      1      0      1      0 |      0      0
         1      0      1      0      1      1      1      0      1      1 |      0      1
         1      0      1      0      1      1      1      1      0      0 |      0      1
         1      0      1      0      1      1      1      1      0      1 |      0      1
         1      0      1      0      1      1      1      1      1      0 |      0      1
         1      0      1      0      1      1      1      1      1      1 |      0      1
         1      0      1      1      0      0      0      0      0      0 |      0      0
         1      0      1      1      0      0      0      0      0      1 |      0      0
         1      0      1      1      0      0      0      0      1      0 |      0      0
         1      0      1      1      0      0      0      0      1      1 |      0      1
         1      0      1      1      0      0      0      1      0      0 |      0      0
         1      0      1      1      0      0      0      1      0      1 |      0      0
         1      0      1      1      0      0      0      1      1      0 |      0      0
         1      0      1      1      0      0      0      1      1      1 |      0      1
         1      0      1      1      0      0      1      0      0      0 |      0      0
         1      0      1      1      0      0      1      0      0      1 |      0      0
         1      0      1      1      0      0      1      0      1      0 |      0      0
         1      0      1      1      0      0      1      0      1      1 |      0      1
         1      0      1      1      0      0      1      1      0      0 |      0      1
         1      0      1      1      0      0      1      1      0      1 |      0      1
         1      0      1      1      0      0      1      1      1      0 |      0      1
         1      0      1      1      0      0      1      1      1      1 |      0      1
         1      0      1      1      0      1      0      0      0      0 |      0      0
         1      0      1      1      0      1      0      0      0      1 |      0      0
         1      0      1      1      0      1      0      0      1      0 |      0      0
         1      0      1      1      0      1      0      0      1      1 |      0      1
         1      0      1      1      0      1      0      1      0      0 |      0      0
         1      0      1      1      0      1      0      1      0      1 |      0      0
         1      0      1      1      0      1      0      1      1      0 |      0      0
         1      0      1      1      0      1      0      1      1      1 |      0      1
         1      0      1      1      0      1      1      0      0      0 |      0      0
         1      0      1      1      0      1      1      0      0      1 |      0      0
         1      0      1      1      0      1      1      0      1      0 |      0      0
         1      0      1      1      0      1      1      0      1      1 |      0      1
         1      0      1      1      0      1      1      1      0      0 |      0      1
         1      0      1      1      0      1      1      1      0      1 |      0      1
         1      0      1      1      0      1      1      1      1      0 |      0      1
         1      0      1      1      0      1      1      1      1      1 |      0      1
         1      0      1      1      1      0      0      0      0      0 |      0      0
         1      0      1      1      1      0      0      0      0      1 |      0      0
         1      0      1      1      1      0      0      0      1      0 |      0      0
         1      0      1      1      1      0      0      0      1      1 |      0      1
         1      0      1      1      1      0      0      1      0      0 |      0      0
         1      0      1      1      1      0      0      1      0      1 |      0      0
         1      0      1      1      1      0      0      1      1      0 |      0      0
         1      0      1      1      1      0      0      1      1      1 |      0      1
         1      0      1      1      1      0      1      0      0      0 |      0      0
         1      0      1      1      1      0      1      0      0      1 |      0      0
         1      0      1      1      1      0      1      0      1      0 |      0      0
         1      0      1      1      1      0      1      0      1      1 |      0      1
         1      0      1      1      1      0      1      1      0      0 |      0      1
         1      0      1      1      1      0      1      1      0      1 |      0      1
         1      0      1      1      1      0      1      1      1      0 |      0      1
         1      0      1      1      1      0      1      1      1      1 |      0      1
         1      0      1      1      1      1      0      0      0      0 |      1      0
         1      0      1      1      1      1      0      0      0      1 |      1      0
         1      0      1      1      1      1      0      0      1      0 |      1      0
         1      0      1      1      1      1      0      0      1      1 |      1      1
         1      0      1      1      1      1      0      1      0      0 |      1      0
         1      0      1      1      1      1      0      1      0      1 |      1      0
         1      0      1      1      1      1      0      1      1      0 |      1      0
         1      0      1      1      1      1      0      1      1      1 |      1      1
         1      0      1      1      1      1      1      0      0      0 |      1      0
         1      0      1      1      1      1      1      0      0      1 |      1      0
         1      0      1      1      1      1      1      0      1      0 |      1      0
         1      0      1      1      1      1      1      0      1      1 |      1      1
         1      0      1      1      1      1      1      1      0      0 |      1      1
         1      0      1      1      1      1      1      1      0      1 |      1      1
         1      0      1      1      1      1      1      1      1      0 |      1      1
         1      0      1      1      1      1      1      1      1      1 |      1      1
         1      1      0      0      0      0      0      0      0      0 |      0      0
         1      1      0      0      0      0      0      0      0      1 |      0      0
         1      1      0      0      0      0      0      0      1      0 |      0      0
         1      1      0      0      0      0      0      0      1      1 |      0      1
         1      1      0      0      0      0      0      1      0      0 |      0      0
         1      1      0      0      0      0      0      1      0      1 |      0      0
         1      1      0      0      0      0      0      1      1      0 |      0      0
         1      1      0      0      0      0      0      1      1      1 |      0      1
         1      1      0      0      0      0      1      0      0      0 |      0      0
         1      1      0      0      0      0      1      0      0      1 |      0      0
         1      1      0      0      0      0      1      0      1      0 |      0      0
         1      1      0      0      0      0      1      0      1      1 |      0      1
         1      1      0      0      0      0      1      1      0      0 |      0      1
         1      1      0      0      0      0      1      1      0      1 |      0      1
         1      1      0      0      0      0      1      1      1      0 |      0      1
         1      1      0      0      0      0      1      1      1      1 |      0      1
         1      1      0      0      0      1      0      0      0      0 |      0      0
         1      1      0      0      0      1      0      0      0      1 |      0      0
         1      1      0      0      0      1      0      0      1      0 |      0      0
         1      1      0      0      0      1      0      0      1      1 |      0      1
         1      1      0      0      0      1      0      1      0      0 |      0      0
         1      1      0      0      0      1      0      1      0      1 |      0      0
         1      1      0      0      0      1      0      1      1      0 |      0      0
         1      1      0      0      0      1      0      1      1      1 |      0      1
         1      1      0      0      0      1      1      0      0      0 |      0      0
         1      1      0      0      0      1      1      0      0      1 |      0      0
         1      1      0      0      0      1      1      0      1      0 |      0      0
         1      1      0      0      0      1      1      0      1      1 |      0      1
         1      1      0      0      0      1      1      1      0      0 |      0      1
         1      1      0      0      0      1      1      1      0      1 |      0      1
         1      1      0      0      0      1      1      1      1      0 |      0      1
         1      1      0      0      0      1      1      1      1      1 |      0      1
         1      1      0      0      1      0      0      0      0      0 |      0      0
         1      1      0      0      1      0      0      0      0      1 |      0      0
         1      1      0      0      1      0      0      0      1      0 |      0      0
         1      1      0      0      1      0      0      0      1      1 |      0      1
         1      1      0      0      1      0      0      1      0      0 |      0      0
         1      1      0      0      1      0      0      1      0      1 |      0      0
         1      1      0      0      1      0      0      1      1      0 |      0      0
         1      1      0      0      1      0      0      1      1      1 |      0      1
         1      1      0      0      1      0      1      0      0      0 |      0      0
         1      1      0      0      1      0      1      0      0      1 |      0      0
         1      1      0      0      1      0      1      0      1      0 |      0      0
         1      1      0      0      1      0      1      0      1      1 |      0      1
         1      1      0      0      1      0      1      1      0      0 |      0      1
         1      1      0      0      1      0      1      1      0      1 |      0      1
         1      1      0      0      1      0      1      1      1      0 |      0      1
         1      1      0      0      1      0      1      1      1      1 |      0      1
         1      1      0      0      1      1      0      0      0      0 |      0      0
         1      1      0      0      1      1      0      0      0      1 |      0      0
         1      1      0      0      1      1      0      0      1      0 |      0      0
         1      1      0      0      1      1      0      0      1      1 |      0      1
         1      1      0      0      1      1      0      1      0      0 |      0      0
         1      1      0      0      1      1      0      1      0      1 |      0      0
         1      1      0      0      1      1      0      1      1      0 |      0      0
         1      1      0      0      1      1      0      1      1      1 |      0      1
         1      1      0      0      1      1      1      0      0      0 |      0      0
         1      1      0      0      1      1      1      0      0      1 |      0      0
         1      1      0      0      1      1      1      0      1      0 |      0      0
         1      1      0      0      1      1      1      0      1      1 |      0      1
         1      1      0      0      1      1      1      1      0      0 |      0      1
         1      1      0      0      1      1      1      1      0      1 |      0      1
         1      1      0      0      1      1      1      1      1      0 |      0      1
         1      1      0      0      1      1      1      1      1      1 |      0      1
         1      1      0      1      0      0      0      0      0      0 |      0      0
         1      1      0      1      0      0      0      0      0      1 |      0      0
         1      1      0      1      0      0      0      0      1      0 |      0      0
         1      1      0      1      0      0      0      0      1      1 |      0      1
         1      1      0      1      0      0      0      1      0      0 |      0      0
         1      1      0      1      0      0      0      1      0      1 |      0      0
         1      1      0      1      0      0      0      1      1      0 |      0      0
         1      1      0      1      0      0      0      1      1      1 |      0      1
         1      1      0      1      0      0      1      0      0      0 |      0      0
         1      1      0      1      0      0      1      0      0      1 |      0      0
         1      1      0      1      0      0      1      0      1      0 |      0      0
         1      1      0      1      0      0      1      0      1      1 |      0      1
         1      1      0      1      0      0      1      1      0      0 |      0      1
         1      1      0      1      0      0      1      1      0      1 |      0      1
         1      1      0      1      0      0      1      1      1      0 |      0      1
         1      1      0      1      0      0      1      1      1      1 |      0      1
         1      1      0      1      0      1      0      0      0      0 |      0      0
         1      1      0      1      0      1      0      0      0      1 |      0      0
         1      1      0      1      0      1      0      0      1      0 |      0      0
         1      1      0      1      0      1      0      0      1      1 |      0      1
         1      1      0      1      0      1      0      1      0      0 |      0      0
         1      1      0      1      0      1      0      1      0      1 |      0      0
         1      1      0      1      0      1      0      1      1      0 |      0      0
         1      1      0      1      0      1      0      1      1      1 |      0      1
         1      1      0      1      0      1      1      0      0      0 |      0      0
         1      1      0      1      0      1      1      0      0      1 |      0      0
         1      1      0      1      0      1      1      0      1      0 |      0      0
         1      1      0      1      0      1      1      0      1      1 |      0      1
         1      1      0      1      0      1      1      1      0      0 |      0      1
         1      1      0      1      0      1      1      1      0      1 |      0      1
         1      1      0      1      0      1      1      1      1      0 |      0      1
         1      1      0      1      0      1      1      1      1      1 |      0      1
         1      1      0      1      1      0      0      0      0      0 |      0      0
         1      1      0      1      1      0      0      0      0      1 |      0      0
         1      1      0      1      1      0      0      0      1      0 |      0      0
         1      1      0      1      1      0      0      0      1      1 |      0      1
         1      1      0      1      1      0      0      1      0      0 |      0      0
         1      1      0      1      1      0      0      1      0      1 |      0      0
         1      1      0      1      1      0      0      1      1      0 |      0      0
         1      1      0      1      1      0      0      1      1      1 |      0      1
         1      1      0      1      1      0      1      0      0      0 |      0      0
         1      1      0      1      1      0      1      0      0      1 |      0      0
         1      1      0      1      1      0      1      0      1      0 |      0      0
         1      1      0      1      1      0      1      0      1      1 |      0      1
         1      1      0      1      1      0      1      1      0      0 |      0      1
         1      1      0      1      1      0      1      1      0      1 |      0      1
         1      1      0      1      1      0      1      1      1      0 |      0      1
         1      1      0      1      1      0      1      1      1      1 |      0      1
         1      1      0      1      1      1      0      0      0      0 |      1      0
         1      1      0      1      1      1      0      0      0      1 |      1      0
         1      1      0      1      1      1      0      0      1      0 |      1      0
         1      1      0      1      1      1      0      0      1      1 |      1      1
         1      1      0      1      1      1      0      1      0      0 |      1      0
         1      1      0      1      1      1      0      1      0      1 |      1      0
         1      1      0      1      1      1      0      1      1      0 |      1      0
         1      1      0      1      1      1      0      1      1      1 |      1      1
         1      1      0      1      1      1      1      0      0      0 |      1      0
         1      1      0      1      1      1      1      0      0      1 |      1      0
         1      1      0      1      1      1      1      0      1      0 |      1      0
         1      1      0      1      1      1      1      0      1      1 |      1      1
         1      1      0      1      1      1      1      1      0      0 |      1      1
         1      1      0      1      1      1      1      1      0      1 |      1      1
         1      1      0      1      1      1      1      1      1      0 |      1      1
         1      1      0      1      1      1      1      1      1      1 |      1      1
         1      1      1      0      0      0      0      0      0      0 |      1      0
         1      1      1      0      0      0      0      0      0      1 |      1      0
         1      1      1      0      0      0      0      0      1      0 |      1      0
         1      1      1      0      0      0      0      0      1      1 |      1      1
         1      1      1      0      0      0      0      1      0      0 |      1      0
         1      1      1      0      0      0      0      1      0      1 |      1      0
         1      1      1      0      0      0      0      1      1      0 |      1      0
         1      1      1      0      0      0      0      1      1      1 |      1      1
         1      1      1      0      0      0      1      0      0      0 |      1      0
         1      1      1      0      0      0      1      0      0      1 |      1      0
         1      1      1      0      0      0      1      0      1      0 |      1      0
         1      1      1      0      0      0      1      0      1      1 |      1      1
         1      1      1      0      0      0      1      1      0      0 |      1      1
         1      1      1      0      0      0      1      1      0      1 |      1      1
         1      1      1      0      0      0      1      1      1      0 |      1      1
         1      1      1      0      0      0      1      1      1      1 |      1      1
         1      1      1      0      0      1      0      0      0      0 |      1      0
         1      1      1      0      0      1      0      0      0      1 |      1      0
         1      1      1      0      0      1      0      0      1      0 |      1      0
         1      1      1      0      0      1      0      0      1      1 |      1      1
         1      1      1      0      0      1      0      1      0      0 |      1      0
         1      1      1      0      0      1      0      1      0      1 |      1      0
         1      1      1      0      0      1      0      1      1      0 |      1      0
         1      1      1      0      0      1      0      1      1      1 |      1      1
         1      1      1      0      0      1      1      0      0      0 |      1      0
         1      1      1      0      0      1      1      0      0      1 |      1      0
         1      1      1      0      0      1      1      0      1      0 |      1      0
         1      1      1      0      0      1      1      0      1      1 |      1      1
         1      1      1      0      0      1      1      1      0      0 |      1      1
         1      1      1      0      0      1      1      1      0      1 |      1      1
         1      1      1      0      0      1      1      1      1      0 |      1      1
         1      1      1      0      0      1      1      1      1      1 |      1      1
         1      1      1      0      1      0      0      0      0      0 |      1      0
         1      1      1      0      1      0      0      0      0      1 |      1      0
         1      1      1      0      1      0      0      0      1      0 |      1      0
         1      1      1      0      1      0      0      0      1      1 |      1      1
         1      1      1      0      1      0      0      1      0      0 |      1      0
         1      1      1      0      1      0      0      1      0      1 |      1      0
         1      1      1      0      1      0      0      1      1      0 |      1      0
         1      1      1      0      1      0      0      1      1      1 |      1      1
         1      1      1      0      1      0      1      0      0      0 |      1      0
         1      1      1      0      1      0      1      0      0      1 |      1      0
         1      1      1      0      1      0      1      0      1      0 |      1      0
         1      1      1      0      1      0      1      0      1      1 |      1      1
         1      1      1      0      1      0      1      1      0      0 |      1      1
         1      1      1      0      1      0      1      1      0      1 |      1      1
         1      1      1      0      1      0      1      1      1      0 |      1      1
         1      1      1      0      1      0      1      1      1      1 |      1      1
         1      1      1      0      1      1      0      0      0      0 |      1      0
         1      1      1      0      1      1      0      0      0      1 |      1      0
         1      1      1      0      1      1      0      0      1      0 |      1      0
         1      1      1      0      1      1      0      0      1      1 |      1      1
         1      1      1      0      1      1      0      1      0      0 |      1      0
         1      1      1      0      1      1      0      1      0      1 |      1      0
         1      1      1      0      1      1      0      1      1      0 |      1      0
         1      1      1      0      1      1      0      1      1      1 |      1      1
         1      1      1      0      1      1      1      0      0      0 |      1      0
         1      1      1      0      1      1      1      0      0      1 |      1      0
         1      1      1      0      1      1      1      0      1      0 |      1      0
         1      1      1      0      1      1      1      0      1      1 |      1      1
         1      1      1      0      1      1      1      1      0      0 |      1      1
         1      1      1      0      1      1      1      1      0      1 |      1      1
         1      1      1      0      1      1      1      1      1      0 |      1      1
         1      1      1      0      1      1      1      1      1      1 |      1      1
         1      1      1      1      0      0      0      0      0      0 |      1      0
         1      1      1      1      0      0      0      0      0      1 |      1      0
         1      1      1      1      0      0      0      0      1      0 |      1      0
         1      1      1      1      0      0      0      0      1      1 |      1      1
         1      1      1      1      0      0      0      1      0      0 |      1      0
         1      1      1      1      0      0      0      1      0      1 |      1      0
         1      1      1      1      0      0      0      1      1      0 |      1      0
         1      1      1      1      0      0      0      1      1      1 |      1      1
         1      1      1      1      0      0      1      0      0      0 |      1      0
         1      1      1      1      0      0      1      0      0      1 |      1      0
         1      1      1      1      0      0      1      0      1      0 |      1      0
         1      1      1      1      0      0      1      0      1      1 |      1      1
         1      1      1      1      0      0      1      1      0      0 |      1      1
         1      1      1      1      0      0      1      1      0      1 |      1      1
         1      1      1      1      0      0      1      1      1      0 |      1      1
         1      1      1      1      0      0      1      1      1      1 |      1      1
         1      1      1      1      0      1      0      0      0      0 |      1      0
         1      1      1      1      0      1      0      0      0      1 |      1      0
         1      1      1      1      0      1      0      0      1      0 |      1      0
         1      1      1      1      0      1      0      0      1      1 |      1      1
         1      1      1      1      0      1      0      1      0      0 |      1      0
         1      1      1      1      0      1      0      1      0      1 |      1      0
         1      1      1      1      0      1      0      1      1      0 |      1      0
         1      1      1      1      0      1      0      1      1      1 |      1      1
         1      1      1      1      0      1      1      0      0      0 |      1      0
         1      1      1      1      0      1      1      0      0      1 |      1      0
         1      1      1      1      0      1      1      0      1      0 |      1      0
         1      1      1      1      0      1      1      0      1      1 |      1      1
         1      1      1      1      0      1      1      1      0      0 |      1      1
         1      1      1      1      0      1      1      1      0      1 |      1      1
         1      1      1      1      0      1      1      1      1      0 |      1      1
         1      1      1      1      0      1      1      1      1      1 |      1      1
         1      1      1      1      1      0      0      0      0      0 |      1      0
         1      1      1      1      1      0      0      0      0      1 |      1      0
         1      1      1      1      1      0      0      0      1      0 |      1      0
         1      1      1      1      1      0      0      0      1      1 |      1      1
         1      1      1      1      1      0      0      1      0      0 |      1      0
         1      1      1      1      1      0      0      1      0      1 |      1      0
         1      1      1      1      1      0      0      1      1      0 |      1      0
         1      1      1      1      1      0      0      1      1      1 |      1      1
         1      1      1      1      1      0      1      0      0      0 |      1      0
         1      1      1      1      1      0      1      0      0      1 |      1      0
         1      1      1      1      1      0      1      0      1      0 |      1      0
         1      1      1      1      1      0      1      0      1      1 |      1      1
         1      1      1      1      1      0      1      1      0      0 |      1      1
         1      1      1      1      1      0      1      1      0      1 |      1      1
         1      1      1      1      1      0      1      1      1      0 |      1      1
         1      1      1      1      1      0      1      1      1      1 |      1      1
         1      1      1      1      1      1      0      0      0      0 |      1      0
         1      1      1      1      1      1      0      0      0      1 |      1      0
         1      1      1      1      1      1      0      0      1      0 |      1      0
         1      1      1      1      1      1      0      0      1      1 |      1      1
         1      1      1      1      1      1      0      1      0      0 |      1      0
         1      1      1      1      1      1      0      1      0      1 |      1      0
         1      1      1      1      1      1      0      1      1      0 |      1      0
         1      1      1      1      1      1      0      1      1      1 |      1      1
         1      1      1      1      1      1      1      0      0      0 |      1      0
         1      1      1      1      1      1      1      0      0      1 |      1      0
         1      1      1      1      1      1      1      0      1      0 |      1      0
         1      1      1      1      1      1      1      0      1      1 |      1      1
         1      1      1      1      1      1      1      1      0      0 |      1      1
         1      1      1      1      1      1      1      1      0      1 |      1      1
         1      1      1      1      1      1      1      1      1      0 |      1      1
         1      1      1      1      1      1      1      1      1      1 |      1      1


================================================================================
TEST SUMMARY
================================================================================
Files tested: 8
Successful: 8
Failed: 0
Total runtime: 0.60s
Average time per file: 0.08s

Success rate: 100.0%
